version https://git-lfs.github.com/spec/v1
oid sha256:2797d45324387dd5d18e7c78491978a6f21951995df37399566189f024e51fd1
size 58226839
